omp 8.016433000564575 20000.0 15.0 4.0 8.0 360.0 216.0
omp 7.4210710525512695 20000.0 15.0 4.0 8.0 360.0 216.0
mpi 9.365835999999945 20000.0 15.0 4.0 8.0 360.0 216.0
mpi 8.855074999999943 20000.0 15.0 4.0 8.0 360.0 216.0
mpi 3.4961019999999507 10000.0 15.0 4.0 8.0 360.0 216.0
omp 2.8595669269561768 10000.0 15.0 4.0 8.0 360.0 216.0
omp 7.33433198928833 20000.0 15.0 4.0 8.0 360.0 216.0
omp 8.269598007202148 20000.0 15.0 4.0 8.0 360.0 216.0
omp 7.696113109588623 20000.0 15.0 4.0 8.0 360.0 216.0
omp 7.469296932220459 20000.0 15.0 4.0 8.0 360.0 216.0
omp 7.1290528774261475 20000.0 15.0 4.0 8.0 360.0 216.0
mpi 3.7035759999998845 10000.0 15.0 4.0 8.0 360.0 216.0
mpi 3.8172019999997246 10000.0 15.0 4.0 8.0 360.0 216.0
omp 7.150990962982178 20000.0 15.0 4.0 8.0 360.0 216.0
omp 7.358989953994751 20000.0 15.0 4.0 8.0 360.0 216.0
omp 315.1552748680115 150000.0 0.0 4.0 8.0 360.0 216.0
